    -6     1   1   1   1 Gouffre Chaland, Entrée artificielle
    -5     1   1   1   1   868996.00  2309294.00      271.00     1     0
    -4     2   1   1   1 05/05/05 15:32:33  AlexPONT
    -3     1   1   1   1
    -2     1   1   1   1 09/04/05  FD            Alex          0    0.00   0   1
(   -2     1   1   1   1 Jean Philippe Grandcolas,  Guy Lamure,
(   -2     1   2   1   1-               Fabien Darne,
(   -2     1   3   1   1-                     Damien Grandcolas
    -2     2   1   1   1 09/04/05  Alex          Alex          0    0.00   0   1
(   -2     2   1   1   1 Bertand Hamm,          Thierry Flon,        Alexandre
(   -2     2   2   1   1- Pont
    -1     1   1   1   1  360.00  359.00    0.10    1.00    1.00  100.00    0.00
(   -1     1   1   1   1 Proto Houdeau version 1 + Déca
    -1     2   1   1   1  400.00  359.00    0.10    1.00    1.00  100.00    0.00
(   -1     2   1   1   1 Proto Houdeau version 2, Lazer
     1    -2   1   1   1 Entrée artificielle
     1    -1   1   1   1       1       0       1      36      36       0       0
(    1    -1   1   1   1 Re Topo Tritons 2005
     1     0   1   1   1    0.00    0.00    0.00    0.00    1.20    0.00    2.50
(    1     0   1   1   1 Point 0 au raz du sol
     1     1   1   1   1    2.09  276.00   17.00    0.80    0.50    0.00    0.50
(    1     1   1   1   1 P 2,5 sur bequet à droite
     1     2   1   1   1    1.16  174.00   63.00    0.20    0.80    0.20    0.40
(    1     2   1   1   1 Sommet Puits anneau
     1     3   1   1   1    3.61  295.00    0.00    0.20    1.00    0.00    3.60
(    1     3   1   1   1 P9
     1     4   1   1   1    5.07   42.00   26.00    2.50    2.00    2.50    0.20
(    1     4   1   1   1 Base P9, Salle des Raçines
     1     5   1   1   1    3.15  235.00   59.00    0.40    0.40    0.50    0.10
(    1     5   1   1   1 Début boyau
     1     6   1   1   1    5.87  190.00   96.00    1.00    1.20    0.60    1.90
(    1     6   1   1   1 Sortie boyau, sommet P 6
     1     7   1   1   1    6.40  240.00   22.00    2.50    4.00    3.50    1.80
(    1     7   1   1   1 Base P 6 , gros bloc, marqué
     1     8   1   1   1   13.10  144.00   81.00    2.00    0.50    3.00    0.40
(    1     8   1   1   1 Rivière
     1     9   1   1   1    0.80    0.00    0.00    2.00    0.50    3.00    0.40
(    1     9   1   1   1 visée virtuelle de 0,8 m audessus de 1-8
     1    10   1   1   1   19.40  111.00   89.00    0.50    4.00    5.00    1.20
(    1    10   1   1   1 Elargissement
     1    11   1   1   1    4.35  180.00   85.00    5.00    1.00    5.00    1.00
     1    12   1   1   1   10.70   92.00   91.00    1.40    2.20    5.00    1.20
(    1    12   1   1   1 cairne
     1    13   1   1   1   15.53  126.00   89.00    3.50    2.20    3.50    0.90
(    1    13   1   1   1 On laisse diaclase à droite
     1    14   1   1   1    8.80   77.00   88.00    0.30    3.00    3.50    0.50
     1    15   1   1   1    4.00  182.00   89.00    3.50    0.50    3.50    0.50
     1    16   1   1   1    0.20    0.00    0.00    3.50    0.50    3.50    0.50
(    1    16   1   1   1 Visée virtuelle +0,2
     1    17   1   1   1   13.85   82.00   91.00    2.00    4.00    2.00    0.60
     1    18   1   1   1    8.10  130.00   91.00    0.50    3.00    1.80    1.10
(    1    18   1   1   1 diaclase
     1    19   1   1   1    8.00   64.00   90.00    2.50    0.00    1.80    1.10
(    1    19   1   1   1 diaclase
     1    20   1   1   1   16.50  352.00   90.00    0.50    3.00    3.00    0.80
(    1    20   1   1   1 diaclase
     1    21   1   1   1    8.00   63.00   88.00    4.00    1.50    6.00    0.30
     1    22   1   1   1    1.15  146.00   87.00    4.00    1.50    6.00    0.30
(    1    22   1   1   1 Reprise rivière
     1    23   1   1   1    6.42   87.00   99.00    1.50    2.50    1.11    1.40
(    1    23   1   1   1 Chaos de blocs
     1    24   1   1   1    6.30  169.00   87.00    1.50    2.50    1.11    1.40
(    1    24   1   1   1 rivière
     1    25   1   1   1    4.30  103.00   93.00    2.00    1.00    3.00    0.50
(    1    25   1   1   1 carefour
     1    26   1   1   1    7.70   95.00  100.00    4.00    2.00    1.63    0.46
(    1    26   1   1   1 Shunt diaclase
     1    27   1   1   1   12.70  151.00   88.00    3.50    2.00    1.40    2.50
(    1    27   1   1   1 Sortie shunt Pt 5,3
     1    28   1   1   1    4.72  158.00   78.00    3.50    1.50    1.60    2.00
(    1    28   1   1   1 suite aval rivière
     1    29   1   1   1   11.80  131.00   82.00    3.50    1.20    3.20    0.20
     1    30   1   1   1   14.30   97.00   90.00    1.50    2.50    3.00    0.20
(    1    30   1   1   1 Rivière, la coulée
     1    31   1   1   1    8.30  142.00   98.00    3.50    1.20    1.80    1.60
     1    32   1   1   1   14.40  125.00   87.00    2.50    1.00    1.60    0.80
     1    33   1   1   1   10.00  125.00   89.00    3.50    1.00    2.50    0.50
(    1    33   1   1   1 concrétions et arrivée d'eau
     1    34   1   1   1    7.60  173.00   92.00    2.50    1.50    3.00    0.50
     1    35   1   1   1   12.90  139.00   89.00    2.00    2.00    1.50    0.50
     1    36   1   1   1    7.80  112.00   97.00    2.00    2.50    1.50    1.60
(    1    36   1   1   1 Raccord PT 20-0 explo 0, confluence
     2    -2   1   1   1 Amont Deujeau
     2    -1   1   1   1       1       7       2       8       8       3       5
(    2    -1   1   1   1 Depuis bloc base puits, vers siphon Deujeau
     2     0   1   1   1    0.00    0.00    0.00    5.00    2.00    3.50    1.80
(    2     0   1   1   1 Départ 1-7
     2     1   1   1   1    3.50   18.00   69.00    1.00    0.00    2.00    1.40
(    2     1   1   1   1 vers affluent Deujeau amont
     2     2   1   1   1    4.40  327.00   91.00    1.00    0.00    1.60    1.40
(    2     2   1   1   1 méandre actif
     2     3   1   1   1   11.20  294.00   88.00    1.00    2.00    2.00    1.00
(    2     3   1   1   1 virage droite
     2     4   1   1   1    7.15   20.00   91.00    0.80    1.00    4.00    0.50
(    2     4   1   1   1 base trémie SHAG
     2     5   1   1   1    8.15  330.00   90.00    3.00    0.80    1.80    1.13
     2     6   1   1   1    5.75   15.00   88.00    0.40    0.60    0.60    1.00
     2     7   1   1   1    9.00  338.00   82.00    0.00    0.80    0.70    1.40
(    2     7   1   1   1 Siphon S3,  point sur amarrage du fil d'ariane
     2     8   1   1   1    6.00  340.00    0.00    0.00    0.80    0.70    0.20
(    2     8   1   1   1 6 m à l'air libre avant siphon
     3    -2   1   1   1 Amorce méandre Amont - Démarrage ????
     3    -1   1   1   1       2       8       3       1       1       3       0
(    3    -1   1   1   1 Démarrage ???
     3     0   1   1   1    0.00    0.00    0.00    2.00    0.00    0.40    1.60
(    3     0   1   1   1 Amorce méandre amont
     3     1   1   1   1    8.70  280.00  115.00    2.50    0.50    0.40    1.60
(    3     1   1   1   1 A topographier
     4    -2   1   1   1 Vers bout de galerie dans diaclase
     4    -1   1   1   1       1      21       4       2       2       1       0
(    4    -1   1   1   1 A poursuivre
     4     0   1   1   1    0.00    0.00    0.00    0.50    3.50    2.00    1.00
     4     1   1   1   1   11.60   40.00  107.00    1.80    1.80    3.00    1.00
     4     2   1   1   1   10.30  360.00   91.00    0.30    0.30    1.50    0.30
(    4     2   1   1   1 A poursuivre
     5    -2   1   1   1 Amorce rivière sous shunt
     5    -1   1   1   1       1      25       1      27       4       0       0
(    5    -1   1   1   1 Départ 1-25
     5     0   1   1   1    0.00    0.00    0.00    0.80    0.20    1.00    0.80
(    5     0   1   1   1 Amorce rivière sous shunt
     5     1   1   1   1    7.20  184.00   80.00    0.80    0.50    1.00    0.80
(    5     1   1   1   1 rivière
     5     2   1   1   1    7.00   99.00  108.00    0.70    0.70    0.90    0.00
(    5     2   1   1   1 vers bouclage rivière
     5     3   1   1   1    8.70  118.00   90.00    0.70    0.70    0.90    6.00
(    5     3   1   1   1 voute basse décalage 50 cm
     5     4   1   1   1    0.50   28.00   90.00    0.00    0.00    0.00    0.00
(    5     4   1   1   1 Correction décalage
     6    -2   1   1   1 Amorce
     6    -1   1   1   1       1      25       6       1       1       1       0
     6     0   1   1   1    0.00    0.00    0.00    1.50    1.50    3.50    1.00
     6     1   1   1   1    9.00    0.00   90.00    1.50    1.50    3.50    1.00
     7    -2   1   1   1 Suite vers fond
     7    -1   1   1   1      20      41       7       7      19       3       0
     7     0   1   1   1    0.00    0.00    0.00    8.00    3.50    5.00    0.80
(    7     0   1   1   1 = PT 20-41 explo 2
     7     1   1   1   1   13.80   31.00   90.00    6.00    2.00    5.00    0.80
     7     2   1   1   1   12.70   70.00   90.00    0.80    6.00    4.00    1.00
     7     3   1   1   1   21.90  144.00   90.00    5.00    0.80    3.00    1.50
     7     4   1   1   1   15.20   99.00   92.00    3.00    4.00    3.50    1.50
(    7     4   1   1   1 Sur gros bloc
     7     5   1   1   1   16.00   89.00   89.00    1.00    0.00    5.80    0.40
     7     6   1   1   1   21.30   19.00   88.00    1.80    5.60    4.00    0.40
(    7     6   1   1   1 Base salle, faille AZ 23
     7     7   1   1   1   15.40   77.00  115.00   10.00    4.00   15.00    5.00
(    7     7   1   1   1 Entré salle du bar-tabac
     7     8   1   1   1   13.50  105.00  123.00    3.12    1.00    2.00    1.00
(    7     8   1   1   1 Tour de la salle bar-tabc par RD
     7     9   1   1   1    3.25   80.00   92.00    6.00    4.00    2.00    1.00
(    7     9   1   1   1 Sommet chaos
     7    10   1   1   1    4.40  109.00   63.00    7.00    1.00    3.00    1.00
(    7    10   1   1   1 Re-descente
     7    11   1   1   1   14.00  131.00   57.00   10.00    3.00    5.00    1.00
     7    12   1   1   1    7.90   12.00   90.00   12.00    4.00    4.00    1.00
     7    13   1   1   1    7.10   54.00   58.00   15.00    5.00    4.00    0.20
(    7    13   1   1   1 bas salle (dépar en hauteur)
     7    14   1   1   1   14.60  317.00   98.00   15.00    1.00    8.00    2.00
(    7    14   1   1   1 Retour par le bas
     7    15   1   1   1    9.50  293.00   95.00   15.00    2.00    0.00    0.00
     7    16   1   1   1   16.40  298.00   86.00    0.00    0.00    0.00    0.00
(    7    16   1   1   1 Petit départ dans paroi
     7    17   1   1   1   12.40  205.00  112.00    0.00    0.00    0.00    0.00
     7    18   1   1   1    4.40  193.00   88.00    0.00    0.00    0.00    0.00
     7    19   1   1   1    8.90  151.00  100.00    0.00    0.00    0.00    0.00
(    7    19   1   1   1 Fin bouclage = 7-7
     8    -2   1   1   1 Amorce base E20
     8    -1   1   1   1       7       1       8       1       1       3       2
     8     0   1   1   1    0.00    0.00    0.00    3.00    2.00    5.00    2.00
(    8     0   1   1   1 PT 7-1
     8     1   1   1   1    9.50  357.00  108.00    3.00    2.00   10.00    2.00
(    8     1   1   1   1 Amorce base E20
    20    -2   1   1   1 Rivière principale
    20    -1   1   1   1       1      36      20      58      58       3       0
    20     0   2   1   2    0.00    0.00    0.00    3.00    2.00    1.50    2.50
(   20     0   1   1   1 Sur bloc confluence = PT 20-0 = 21-0 = 1-36 egal
(   20     0   2   1   1- pointage en surface
    20     1   2   1   2   23.00  216.00   86.00    3.80    4.00    3.50    1.50
(   20     1   1   1   1 Plus glaise rive gauche
    20     2   2   1   2   19.71  210.00   89.00    5.50    0.00    1.70    1.50
(   20     2   1   1   1 En paroi rive D
    20     3   2   1   2    4.40  128.00   80.00    3.90    2.50    2.50    1.00
(   20     3   1   1   1 Sur bloc milieu rivière
    20     4   2   1   2   18.20  190.00   90.00    2.33    2.40    2.10    0.80
(   20     4   1   1   1 sur coulée blanche (avant ... ;-)
    20     5   2   1   2   21.80   30.00   94.00    0.00    6.80    1.00    1.20
(   20     5   1   1   1 Attention visée inversé / carnet
    20     6   2   1   2   23.95  222.00   88.00    3.15    1.98    1.58    0.90
(   20     6   1   1   1 sur glaise RD
    20     7   2   1   2   22.26  210.00   90.00    5.72    2.21    1.41    2.00
(   20     7   1   1   1 sur glaise RD
    20     8   2   1   2   31.32  207.00   88.00    4.48    0.80    3.14    1.50
(   20     8   1   1   1 Sur paroi RD
    20     9   2   1   2   17.43  165.00   88.00    3.29    2.45    3.56    1.00
(   20     9   1   1   1 sur bloc RG
    20    10   2   1   2    8.24  244.00   91.00    2.90    1.73    4.69    1.20
(   20    10   1   1   1 sur bloc, ce jour là de l'eau aux couilles
    20    11   2   1   2   17.35  238.00   88.00    4.90    1.69    1.96    1.00
(   20    11   1   1   1 sur glaise RG
    20    12   2   1   2   21.59  218.00   90.00    3.78    3.54    3.50    2.00
(   20    12   1   1   1 sur glaise RG
    20    13   2   1   2   21.03  232.00   88.00    5.86    1.48    8.05    1.50
(   20    13   1   1   1 Sur bloc milieu rivière
    20    14   2   1   2   18.93  223.00   94.00    6.03    1.65    2.20    3.50
(   20    14   1   1   1 Sur bite RD
    20    15   2   1   2   19.25  195.00   85.00    0.00    6.00    3.36    1.60
(   20    15   1   1   1 sur paroi RG
    20    16   2   1   2   15.47  245.00   92.00    2.50    4.50    4.50    1.60
(   20    16   1   1   1 Attention visée inversée / carnet
    20    17   2   1   2   11.85  198.00   84.00    4.59    0.00    5.60    1.60
(   20    17   1   1   1 Contre paroi RD
    20    18   2   1   2    8.80  171.00   93.00    4.69    3.96    3.14    1.80
(   20    18   1   1   1 Sur gros bloc RG
    20    19   2   1   2   13.10  230.00   86.00    3.40    5.09    4.70    0.80
(   20    19   1   1   1 sur bloc milieu rivière
    20    20   2   1   2   12.02  222.00  102.00    3.47    3.19    2.63    3.36
(   20    20   1   1   1 Sur gros bloc milieu de  la rivière
    20    21   2   1   2    7.84  325.00   70.00    5.09    3.68    3.73    1.00
(   20    21   1   1   1 Sur bloc milieu rivière
    20    22   2   1   2    9.95  250.00   93.00    5.47    0.00    2.74    1.20
(   20    22   1   1   1 Sur paroi RD
    20    23   2   1   2   22.51  185.00   88.00    4.51    3.99    4.93    0.50
(   20    23   1   1   1 Sur bloc RD
    20    24   2   1   2   20.53  219.00   90.00    0.85    5.03    4.30    1.70
(   20    24   1   1   1 Sur paroi RG
    20    25   2   1   2    9.10  232.00   86.00    6.14    2.30    4.06    1.00
(   20    25   1   1   1 Sur paroi RD
    20    26   2   1   2   19.80  123.00   90.00    0.00    5.40    3.50    1.00
(   20    26   1   1   1 Sur paroi RG
    20    27   2   1   2    9.70  202.00   89.00    0.00    6.00    3.14    1.00
(   20    27   1   1   1 Sur paroi RG, arrivée plafond ?
    20    28   2   1   2   23.60  228.00   89.00    2.80    4.85    3.91    1.50
(   20    28   1   1   1 sur Eperon RD
    20    29   2   1   2   15.31  215.00   90.00    4.85    0.00    7.40    1.60
(   20    29   1   1   1 sur paroi RD
    20    30   2   1   2   14.92  124.00   89.00    2.45    6.80    6.20    1.50
(   20    30   1   1   1 RG
    20    31   2   1   2   24.35  140.00   88.00    2.64    1.00    5.92    0.90
(   20    31   1   1   1 RD - photo avec 2 flash alex
    20    32   2   1   2   20.68  155.00   88.00    4.69    2.95    4.80    1.30
(   20    32   1   1   1 RD
    20    33   2   1   2   11.96  110.00   90.00    5.88    4.04    5.90    1.20
(   20    33   1   1   1 RG
    20    34   2   1   2   14.40  127.00   90.00    2.00    2.00    5.00    1.50
(   20    34   1   1   1 RD, méduse au plafond visée inversée / carnet
    20    35   2   1   2   12.87  115.00   96.00    4.90    4.90    5.16    2.20
(   20    35   1   1   1 RD, Eau profonde = petit canyon
    20    36   2   1   2    5.05   59.00   81.00    1.20    5.80    5.70    1.50
(   20    36   1   1   1 RG
    20    37   2   1   2   10.93  181.00   95.00    3.11    4.73    3.03    3.34
(   20    37   1   1   1 Sur bloc
    20    38   2   1   2   15.60  170.00   82.00    3.22    5.54    5.18    1.20
(   20    38   1   1   1 Sur talus RD
    20    39   2   1   2   28.18  134.00   90.00    1.40    4.70    7.50    1.20
(   20    39   1   1   1 Sur talus RD
    20    40   2   1   2   20.50  152.00   90.00    5.50    3.60    7.13    1.20
(   20    40   1   1   1 sur talus RD
    20    41   2   1   2   10.60   92.00  100.00    3.92    9.15    7.72    3.50
(   20    41   1   1   1 Départ vers fond
    20    42   2   1   2   12.40  269.00   83.00    3.02    0.50    7.10    1.20
(   20    42   1   1   1 Sur talus RD
    20    43   2   1   2   17.83  195.00   91.00    2.35    4.53    2.10    1.70
(   20    43   1   1   1 sur bloc
    20    44   2   1   2    9.89  170.00   86.00    1.61    0.00    4.10    0.90
(   20    44   1   1   1 paroi RD
    20    45   2   1   2   10.19  138.00   90.00    1.43    2.80    3.41    1.00
(   20    45   1   1   1 Méandre, beaucoup de courant, en crue ce jour là
    20    46   2   1   2   12.97  205.00   90.00    0.30    2.02    2.69    1.00
(   20    46   1   1   1 RG
    20    47   2   1   2   12.50  210.00   90.00    2.08    0.10    1.96    1.80
(   20    47   1   1   1 RD
    20    48   2   1   2    6.30  203.00   94.00    2.00    0.50    2.00    2.00
(   20    48   1   1   1 sur bite début shunt du siphon
    20    49   2   1   2    6.20  194.00   86.00    0.50    3.00    3.00    2.00
(   20    49   1   1   1 sur bloc
    20    50   2   1   2    0.00  194.00   86.00    0.50    0.50    2.00    0.50
(   20    50   1   1   1 Passage bas
    20    51   2   1   2    5.65  209.00   88.00    0.40    0.20    2.00    0.50
(   20    51   1   1   1 Méandre pas très large ... traçes d'eau au plafond
    20    52   2   1   2    7.60  145.00   86.00    0.00    2.00    2.10    1.20
    20    53   2   1   2    6.09  210.00   88.00    0.70    1.00    0.40    0.40
(   20    53   1   1   1 Sur bloc
    20    54   2   1   2   10.77  230.00   88.00    1.08    0.00    1.80    0.70
(   20    54   1   1   1 Sur paroi
    20    55   2   1   2    7.96  140.00   85.00    0.50    0.50    0.50    0.50
(   20    55   1   1   1 Argile au sol
    20    56   2   1   2   10.76  128.00   87.00    0.20    0.40    1.00    0.60
    20    57   2   1   2   11.05  192.00   86.00    0.20    0.80    0.60    0.80
    20    58   2   1   2    4.46  205.00   90.00    0.90    0.10    1.00    0.30
(   20    58   1   1   1 arrêt explo 2,  PT marqué peinture contre paroi 50 cm
(   20    58   2   1   1- droite au dessus du fil d'ariane
    21    -2   1   1   1 Amont siphon de la confluence
    21    -1   1   1   1       1      36      21       1       1       3       5
(   21    -1   1   1   1 A poursuivre dans l'eau
    21     0   2   1   2    0.00    0.00    0.00    1.50    7.00    1.50    2.50
(   21     0   1   1   1 = PT 20-0 = PT 1-36
    21     1   2   1   2    6.63   70.00   76.00    3.50    2.40    1.25    1.50
(   21     1   1   1   1 Voute mouillante amont vers  ???
    22    -2   1   1   1 Vers siphon
    22    -1   1   1   1      20      47      22       1       1       3       5
    22     0   2   1   2    0.00    0.00    0.00    1.00    1.00    2.00    2.00
    22     1   2   1   2    8.80  140.00   80.00    0.50    0.50    0.50    0.50
(   22     1   1   1   1 Siphon ...
    23    -2   1   1   1 amorce vers affluent
    23    -1   1   1   1      20      49      23       1       1       3       0
    23     0   2   1   2    0.00    0.00    0.00    1.00    1.00    3.00    2.00
    23     1   2   1   2   30.00  340.00   90.00    1.00    2.00    3.00    2.00
(   23     1   1   1   1 A suivre
    24    -2   1   1   1 VisÈe fictive dans la boucle de la sÈrie 7
    24    -1   1   1   1       7      10      24       1       1       3       0
    24     0   2   1   2    0.00    0.00    0.00    1.00    1.00    3.00    2.00
    24     1   2   1   2    4.00  150.00   -1.00    1.00    2.00    3.00    2.00
